883 572 842
357 189 206
185 424 272
55 612 663
656 375 550
94 90 179
183 551 714
487 664 728
470 431 853
548 531 49
456 783 749
329 592 478
529 94 438
866 883 33
959 73 953
818 839 41
113 111 54
644 817 276
82 891 909
464 567 559
354 488 165
752 797 700
53 146 94
36 382 368
121 125 152
944 262 720
167 102 123
410 810 529
205 760 733
520 469 243
474 264 508
236 676 786
596 726 466
122 462 539
611 310 903
632 219 633
328 219 207
320 212 202
339 723 572
787 736 109
936 219 720
452 387 521
450 838 903
28 143 146
253 73 249
197 531 669
297 353 164
582 362 767
112 289 344
830 824 37
680 912 448
142 121 51
576 708 779
70 932 887
388 673 539
311 229 177
650 702 846
457 90 371
784 358 516
411 532 135
61 320 286
144 404 306
602 612 943
788 448 614
550 442 689
573 998 727
989 576 735
540 564 30
667 648 190
645 177 585
406 779 374
486 300 781
543 678 860
924 843 363
610 802 510
98 246 223
191 726 816
534 137 514
866 849 697
662 652 354
540 433 516
14 580 596
979 965 786
755 629 540
661 628 98
581 588 179
167 159 7
17 822 829
748 24 722
855 907 102
238 495 265
724 266 493
601 554 390
956 629 824
658 366 705
757 760 264
421 405 45
311 15 327
412 408 494
468 259 406
271 168 253
219 576 787
844 482 638
403 740 508
178 80 220
456 453 301
839 70 802
566 286 397
158 207 280
618 676 455
953 112 959
638 300 662
318 854 598
56 699 729
397 896 524
591 790 976
848 751 396
959 360 887
162 168 305
5 26 26
57 475 448
184 370 507
117 601 601
447 702 613
382 805 644
420 595 277
179 180 159
437 424 280
493 114 518
461 87 518
12 359 362
644 577 527
549 496 368
537 676 608
352 336 38
315 444 200
595 480 368
313 966 839
48 18 27
891 893 540
156 202 58
84 413 399
601 67 563
839 880 291
125 138 59
867 330 564
706 20 700
903 916 830
379 302 107
578 602 36
760 750 514
492 767 517
936 475 901
755 757 110
424 247 204
277 600 870
276 374 239
455 201 414
334 22 313
183 128 61
300 266 60
975 62 927
673 889 661
163 795 701
863 451 879
191 375 335
487 687 769
284 178 306
243 327 271
811 466 782
299 794 995
699 201 547
769 543 591
820 178 834
395 201 215
757 249 836
809 758 100
37 656 647
820 692 411
915 468 825
265 628 775
67 482 463
791 700 564
514 725 927
114 369 263
401 879 781
714 666 238
644 411 384
171 330 483
319 725 682
3 451 446
607 249 801
861 869 662
502 792 853
285 792 730
616 447 400
534 594 67
844 680 268
821 521 466
738 859 567
506 726 813
509 515 688
222 12 210
823 969 184
850 906 654
442 527 411
856 77 914
447 268 597
821 524 786
385 689 645
884 383 939
37 679 672
581 421 677
434 65 485
184 648 741
807 369 575
405 396 76
572 857 441
785 863 157
359 240 534
622 186 456
424 337 92
764 314 496
707 438 466
664 825 992
502 643 585
989 959 457
538 586 153
79 84 123
585 550 197
871 272 803
479 212 650
104 393 369
456 670 297
650 830 992
606 756 718
387 393 62
97 449 498
494 692 967
148 519 499
89 83 54
979 963 23
860 588 311
673 475 234
467 287 591
650 868 575
757 572 290
312 349 339
897 851 256
296 615 494
701 715 382
265 684 663
355 919 696
289 637 347
420 921 535
841 671 963
362 593 339
731 764 585
266 305 244
778 830 127
843 705 310
455 538 425
548 701 953
100 891 790
332 314 45
21 496 508
519 511 15
439 498 137
873 730 416
549 931 800
973 702 391
339 248 142
247 241 5
472 169 328
859 459 520
159 169 269
896 462 809
70 741 732
172 404 468
903 363 855
706 221 491
39 700 672
666 472 805
167 110 198
656 324 577
886 451 726
59 227 235
948 599 483
223 750 953
17 14 15
366 402 587
883 872 602
794 884 621
769 87 739
949 204 825
222 159 309
917 982 124
704 607 156
336 509 586
87 888 932
457 555 957
234 104 235
816 490 967
995 964 424
24 204 218
823 290 990
209 300 485
398 534 878
686 908 269
99 704 791
509 556 359
575 223 481
626 495 545
767 120 703
47 51 15
691 901 385
903 686 418
416 973 592
548 696 190
253 471 286
276 260 513
526 468 708
20 648 641
889 70 861
502 738 341
496 754 300
932 831 195
378 868 854
985 149 958
436 497 199
408 404 23
865 450 417
450 645 879
766 784 906
675 813 357
71 724 730
863 935 200
712 654 930
260 683 817
413 423 776
983 100 910
480 262 453
501 317 512
934 986 157
216 285 150
467 443 225
216 291 114
343 541 837
937 832 200
680 876 318
501 639 515
5 1 5
650 795 164
470 555 242
71 983 983
943 552 983
29 4 31
173 237 223
212 789 795
570 413 751
170 208 341
800 852 227
150 693 620
134 72 196
616 185 470
565 316 516
530 319 449
537 109 519
615 806 609
164 376 295
590 567 88
468 703 771
347 641 428
279 553 706
2 802 807
443 253 199
545 422 255
892 204 802
235 843 873
822 246 820
364 645 883
663 482 790
549 532 343
177 649 693
740 731 53
385 634 784
598 523 77
430 376 670
843 487 640
619 205 716
941 55 897
795 103 889
476 628 822
814 690 142
305 537 236
222 745 948
425 692 483
668 168 532
618 785 429
919 877 287
831 227 971
425 192 288
817 193 711
474 46 499
401 437 49
816 843 26
658 726 776
769 179 876
10 142 154
401 433 431
375 162 242
106 633 589
619 110 690
785 874 885
883 675 650
177 454 371
315 728 801
628 562 698
24 706 731
914 21 915
860 845 87
838 158 856
118 221 123
458 165 561
337 298 125
398 481 191
96 807 897
601 197 725
775 672 134
778 417 720
749 187 595
388 188 552
728 651 131
351 558 343
111 827 736
983 236 851
958 104 854
666 197 858
727 332 638
348 634 983
932 556 822
363 900 725
443 440 452
5 67 60
669 476 891
31 925 935
860 730 176
107 701 598
308 653 834
901 493 599
563 938 739
511 546 66
316 134 380
472 629 154
838 816 497
187 295 164
521 399 582
454 878 664
248 848 768
259 566 432
560 815 590
361 290 482
715 599 138
175 14 161
618 81 624
101 103 109
43 787 743
140 2 142
389 44 396
882 957 123
539 497 45
551 457 780
864 694 560
500 442 190
472 548 388
212 160 87
225 36 249
781 402 401
550 53 505
431 137 369
55 680 709
755 97 823
278 165 278
998 741 649
35 390 399
39 545 520
512 63 549
919 879 617
703 464 431
600 423 898
393 262 541
555 149 619
854 219 650
927 376 897
956 475 957
622 483 744
113 100 12
877 181 882
204 65 151
363 5 358
432 74 504
184 310 283
700 687 374
295 50 268
183 992 958
456 3 460
717 960 837
270 450 449
611 9 600
56 537 578
487 122 469
322 187 141
724 445 291
687 865 553
293 316 39
117 222 230
234 138 219
283 889 822
99 117 34
620 959 455
501 775 594
721 560 895
450 937 725
497 700 244
624 239 649
864 571 479
364 575 628
68 492 467
394 789 494
655 540 870
881 967 227
874 829 51
873 804 73
724 301 711
138 974 977
569 212 676
412 329 680
643 66 696
181 347 425
437 266 486
235 346 502
234 202 31
285 801 627
443 102 376
505 611 115
321 84 276
471 413 60
366 101 451
178 325 305
540 14 538
356 130 445
671 964 539
116 985 979
731 716 134
537 629 227
685 706 59
700 645 857
62 380 327
701 729 57
173 222 127
813 721 943
332 959 709
476 944 863
463 367 471
476 205 523
761 133 810
505 508 20
32 491 510
858 788 253
369 775 729
55 934 924
108 276 294
547 830 792
12 539 530
655 600 98
849 144 795
368 389 313
114 747 660
594 612 207
201 674 645
388 410 146
740 917 957
508 179 550
773 814 106
103 687 614
692 451 865
691 195 743
359 838 563
186 80 104
838 67 881
351 875 593
396 740 960
521 362 221
344 647 826
391 109 378
788 345 453
920 103 917
557 544 37
970 978 238
894 635 273
575 866 432
676 350 876
157 306 238
232 175 365
756 682 704
91 152 112
381 90 373
220 470 614
77 610 664
727 681 61
522 402 885
734 764 45
708 264 618
578 675 452
315 515 638
953 860 534
700 262 961
825 801 961
367 841 878
745 921 675
253 534 708
724 824 158
817 144 841
638 679 152
900 919 41
157 717 869
60 967 935
685 153 583
264 591 794
19 578 572
571 651 635
925 910 457
530 445 785
682 774 108
28 896 925
281 69 345
449 430 41
939 7 949
762 20 750
979 178 954
932 682 317
595 209 551
416 787 923
449 502 841
835 943 121
167 824 737
83 91 10
665 160 818
787 568 408
582 932 805
603 682 345
96 592 615
335 816 570
254 19 259
71 930 950
933 892 147
662 406 676
388 271 202
907 921 27
573 839 905
686 496 446
421 896 785
840 901 69
178 911 817
281 192 386
753 852 786
39 699 661
910 702 274
593 370 891
733 214 796
144 73 200
425 540 641
472 522 103
286 353 117
533 528 71
229 697 486
504 288 415
16 862 866
231 832 668
268 244 183
350 380 362
804 763 974
437 426 537
204 861 831
155 365 392
85 756 829
204 566 402
400 853 475
15 381 372
108 351 343
756 926 592
550 561 27
692 697 541
537 701 390
696 88 771
360 358 109
611 543 190
475 446 864
497 287 655
388 205 377
316 154 407
855 847 94
721 942 341
713 606 665
577 627 974
532 437 782
497 548 68
182 306 189
841 248 929
868 927 796
797 16 786
273 941 965
818 963 719
377 399 91
474 744 374
41 233 248
434 28 435
991 381 999
8 258 252
252 745 932
701 315 854
259 987 950
659 734 312
174 482 477
484 543 192
355 321 199
833 442 604
197 135 74
697 293 701
173 499 362
225 356 398
342 35 351
624 575 441
875 839 67
241 220 130
426 336 110
133 71 178
810 372 446
34 889 874
16 760 752
325 298 85
838 419 595
909 960 97
379 66 315
127 111 149
313 601 664
221 62 286
880 741 930
270 208 150
33 420 448
225 535 695
561 229 595
886 389 934
615 514 155
169 863 925
527 681 151
536 861 777
884 887 45
48 226 177
821 834 290
243 310 189
863 830 32
448 468 93
619 146 750
518 353 558
451 689 631
180 173 241
449 284 193
745 102 731
703 57 660
106 865 782
109 879 812
408 772 389
370 344 269
97 962 975
762 886 524
999 367 850
828 369 603
10 591 586
335 254 294
695 395 916
898 510 525
10 979 983
201 616 469
847 838 410
398 468 295
840 607 689
322 312 8
545 935 660
843 886 157
70 469 448
692 512 396
282 381 275
335 312 431
772 207 867
993 163 969
629 602 86
264 384 366
258 293 47
78 387 363
349 62 376
891 811 431
408 399 10
489 744 371
884 222 887
588 413 273
879 915 891
347 251 421
908 752 370
466 164 582
74 478 486
143 74 113
505 682 886
798 872 300
570 249 475
188 269 345
464 125 421
392 461 169
8 499 497
895 230 806
731 973 633
849 912 129
666 258 441
732 798 64
998 714 341
173 160 100
260 361 531
562 825 787
797 95 855
894 706 735
208 503 343
204 392 543
816 81 821
930 925 12
449 391 786
126 740 824
560 654 810
557 734 337
45 735 730
805 775 217
755 789 94
58 780 836
797 196 666
79 39 100
243 320 78
645 397 685
379 503 191
283 297 65
14 863 875
197 365 226
120 885 786
43 206 238
497 582 214
217 18 205
68 477 412
928 525 558
450 209 653
478 472 363
62 946 985
392 533 314
723 378 795
158 389 450
265 208 303
692 433 289
838 475 381
598 289 836
854 717 856
368 849 746
317 43 326
953 436 567
702 649 709
15 422 422
170 338 325
857 435 474
286 609 764
297 296 10
907 918 434
316 3 312
997 325 859
41 667 635
297 299 1
427 935 882
997 787 509
780 879 200
421 88 470
652 645 57
478 516 709
262 57 226
191 456 388
289 366 89
179 606 616
767 203 754
427 325 678
690 257 647
400 569 790
993 403 640
429 174 408
993 823 251
353 611 851
310 301 161
571 671 157
871 593 853
329 422 331
804 136 696
530 866 592
790 751 143
359 282 529
908 19 926
905 723 358
213 173 247
991 703 420
268 238 28
706 502 756
912 829 223
331 677 490
402 556 702
172 175 173
660 162 785
615 226 402
694 6 694
448 112 471
20 41 57
482 585 485
248 646 663
218 444 647
326 475 458
423 399 154
528 719 757
136 102 230
328 20 308
72 520 541
662 429 936
908 747 218
822 741 201
445 582 522
787 302 831
706 190 814
64 692 683
391 439 283
46 914 951
713 162 833
864 701 239
943 272 789
435 37 434
510 157 532
397 634 961
156 157 14
450 489 193
908 296 700
932 75 944
601 193 685
819 528 555
92 901 905
20 971 972
157 419 456
762 159 702
22 191 210
383 554 713
863 997 145
452 145 404
786 375 415
39 892 917
737 100 722
117 507 396
504 752 623
779 766 49
887 288 686
342 672 960
67 952 931
945 886 751
124 250 350
102 919 824
725 348 984
608 552 259
983 770 501
327 198 284
336 421 207
972 926 688
612 262 480
970 855 883
225 522 310
468 189 451
531 472 216
25 852 849
728 418 979
731 526 256
93 351 418
808 853 304
933 574 469
134 803 892
710 864 627
633 302 358
205 81 268
135 534 467
328 185 450
524 718 409
593 27 610
708 66 747
403 829 496
583 494 249
274 674 779
602 484 608
294 614 660
848 655 362
720 225 907
360 324 141
561 71 537
402 98 358
800 483 555
506 499 51
565 651 406
950 901 105
190 935 950
985 441 586
143 848 983
359 468 403
409 387 736
225 640 424
619 915 631
976 995 33
204 316 260
955 938 20
760 745 393
28 712 713
840 944 225
233 239 78
608 361 898
393 489 146
512 345 345
135 585 667
447 317 405
60 68 60
56 872 928
453 921 813
618 84 581
966 987 219
605 565 160
191 862 932
987 793 360
200 797 792
425 354 326
534 717 566
596 376 613
767 450 511
287 690 660
573 927 572
470 172 434
789 63 838
83 233 154
142 840 965
565 196 419
160 277 369
700 963 633
577 632 676
949 959 13
480 854 780
860 4 858
460 182 527
348 179 498
108 217 252
484 781 419
168 748 906
892 939 312
578 633 613
157 33 141
11 16 15
925 544 640
675 776 696
494 441 103
599 668 122
450 495 42
238 656 792
355 458 279
680 572 965
375 412 392
532 697 842
863 542 842
430 115 316
743 330 588
885 195 906
464 509 939
742 251 885
603 285 788
77 124 58
187 226 97
775 63 828
459 462 513
955 537 722
453 181 469
159 132 132
529 903 902
825 664 408
264 353 543
990 924 307
993 843 168
770 797 197
41 499 520
513 400 412
869 204 919
374 780 517
160 864 929
382 213 234
354 419 167
611 294 784
697 119 674
784 270 981
106 173 217
792 52 744
688 232 678
561 358 338
371 378 349
262 87 306
772 690 102
21 691 707
933 895 68
362 760 844
402 630 995
835 818 234
155 870 998
370 738 597
468 622 760
259 579 784
371 804 993
168 679 722
769 591 976
312 678 892
716 823 132
575 545 141
173 335 362
168 696 619
394 157 263
165 438 598
408 304 275
285 327 414
7 510 519
304 533 740
440 10 435
736 601 989
936 872 295
310 327 546
281 367 505
183 809 662
118 512 485
342 348 42
182 208 260
231 893 677
799 863 467
748 968 807
136 975 924
174 123 189
681 666 94
891 352 715
755 811 79
868 831 630
341 682 795
544 830 594
711 734 333
108 140 87
234 377 566
430 258 608
748 209 661
218 411 591
376 528 471
953 889 146
32 852 863
279 990 953
673 551 883
385 380 34
619 138 522
852 70 782
558 375 538
443 228 317
396 589 447
207 398 591
659 316 461
326 787 895
130 536 657
619 576 104
945 666 399
170 230 396
333 269 548
180 331 321
336 582 617
934 902 371
217 881 960
645 514 132
830 914 103
400 392 91
73 50 30
28 766 782
400 590 749
909 377 557
975 951 679
365 886 894
391 293 658
350 99 428
324 803 553
131 669 641
32 837 858
389 424 548
911 603 554
951 482 544
693 721 781
441 370 149
798 607 238
526 860 954
261 399 160
146 203 308
904 191 810
442 434 501
643 480 265
115 729 760
618 757 667
500 39 466
866 66 858
572 578 59
234 582 531
181 768 771
547 428 194
409 333 269
290 277 32
873 508 871
860 688 270
651 698 599
50 165 143
592 503 344
936 817 438
131 145 245
946 951 974
345 742 515
683 664 485
481 142 338
119 769 832
53 243 206
899 10 897
816 654 855
64 21 64
86 648 734
846 831 107
35 87 59
397 602 977
769 352 728
729 665 63
490 122 495
466 411 137
652 988 547
888 30 879
98 263 244
302 311 102
856 834 747
726 572 751
969 392 694
339 274 269
359 775 873
56 192 164
223 362 404
158 855 908
21 395 396
898 591 437
215 622 463
562 877 877
311 149 335
754 633 159
803 626 527
977 11 979
189 64 221
699 676 119
730 89 657
234 783 697
296 368 155
777 342 937
492 353 441
280 251 29
10 906 899
143 211 69
692 693 1
60 298 254
924 998 155
105 264 262
323 819 526
801 399 604
505 696 251
128 344 270
367 463 639
503 387 352
705 62 727
408 827 908
42 137 122
847 55 831
394 12 381
955 476 585
276 326 472
197 328 260
606 123 724
465 501 441
97 760 759
48 612 643
221 553 502
656 101 754
357 686 977
116 498 424
876 749 155
786 844 298
608 586 752
725 684 204
192 253 344
542 379 169
786 977 789
721 39 715
302 77 332
949 750 403
673 344 378
584 558 26
536 512 273
332 17 335
911 857 215
590 696 130
6 313 314
631 334 544
822 846 585
904 554 534
824 716 852
30 892 899
93 75 99
456 609 409
94 558 530
293 446 392
903 8 911
630 660 45
597 508 115
483 300 411
681 498 825
830 321 655
687 438 785
953 65 985
370 276 527
194 274 227
598 201 555
654 737 527
493 828 718
212 721 622
961 15 952
619 384 511
453 255 422
352 680 797
289 653 503
263 930 738
645 59 605
341 545 827
276 311 34
383 10 372
642 706 569
450 91 513
157 108 125
223 364 324
873 228 776
542 607 106
239 270 120
337 382 174
233 185 141
345 574 533
428 87 497
525 642 545
391 355 512
677 72 643
640 779 857
254 155 383
137 629 639
872 756 938
314 397 277
975 798 351
233 204 210
215 268 77
781 343 959
882 20 873
683 893 538
904 572 685
16 417 418
419 389 92
290 511 766
775 874 689
730 736 891
670 217 573
774 500 686
125 372 313
271 739 602
123 93 29
37 613 627
539 815 437
634 657 515
290 765 803
498 180 558
521 552 906
459 263 321
495 327 725
883 181 935
107 18 101
663 848 364
278 236 66
246 201 108
602 695 590
897 474 503
616 292 880
274 285 542
717 337 657
308 750 732
557 885 572
112 96 17
861 782 995
681 391 476
3 690 692
728 277 476
696 382 366
323 48 302
318 559 829
188 411 601
850 884 64
513 477 275
702 37 702
31 957 954
906 885 216
635 400 977
445 759 472
432 381 139
662 487 739
506 474 626
236 433 281
504 570 453
491 93 423
643 198 624
385 339 46
145 798 822
83 195 136
560 359 855
361 361 76
692 566 649
668 423 771
149 134 122
604 203 407
545 767 821
51 689 731
681 374 892
714 587 170
851 55 816
894 847 58
777 668 280
993 474 925
161 159 132
599 614 818
785 238 606
266 350 121
383 539 295
226 483 376
771 570 633
325 761 995
81 134 130
447 411 663
197 369 501
306 789 764
631 280 387
164 97 253
156 641 796
724 88 701
676 695 650
182 774 728
784 925 199
60 464 444
611 188 522
669 459 407
31 840 848
32 284 256
584 771 898
759 859 654
418 457 285
92 194 239
303 665 676
290 595 763
256 303 166
358 550 789
832 503 736
271 203 220
790 109 773
687 820 491
827 860 37
332 953 640
246 322 166
579 392 871
212 201 13
803 801 26
621 551 535
502 205 701
453 585 169
913 547 862
491 16 475
703 191 678
907 929 505
649 759 351
953 952 926
202 245 96
510 217 414
260 658 914
380 282 617
758 385 519
599 701 624
485 482 3
558 596 154
263 336 268
572 599 85
573 530 588
19 520 540
283 588 658
719 765 728
761 261 884
266 751 542
405 844 789
773 808 36
531 587 905
662 278 405
771 732 146
858 822 397
766 488 748
871 595 784
866 910 256
367 610 250
279 691 692
667 323 832
794 842 704
555 532 140
211 65 279
406 830 467
104 357 360
153 213 279
77 341 360
205 379 354
776 590 820
912 54 968
446 440 66
358 976 618
532 254 453
659 736 863
465 159 460
477 309 402
731 971 615
115 866 804
819 444 639
568 394 931
247 577 548
909 904 28
232 804 606
193 766 637
648 441 688
58 631 574
299 153 179
622 469 306
785 487 892
685 719 172
25 999 987
271 528 695
662 745 682
876 791 400
724 63 749
320 697 674
294 209 192
494 523 68
249 82 184
14 434 442
95 966 987
271 741 508
888 856 328
252 9 255
222 283 231
203 929 757
752 294 974
377 123 475
750 538 379
906 600 864
127 140 21
323 915 960
948 956 17
181 704 842
37 528 502
454 193 365
36 718 698
498 494 52
345 686 461
434 529 179
43 7 50
531 540 6
612 603 357
959 815 965
63 204 228
96 123 57
542 258 446
189 909 993
688 822 583
805 264 560
821 804 70
884 421 813
363 176 340
311 286 47
100 749 756
136 71 89
99 738 794
556 915 430
681 149 737
566 379 370
360 594 937
529 941 685
670 731 472
659 682 196
945 518 787
58 227 210
364 435 203
90 835 921
83 892 890
843 190 716
508 764 285
899 84 901
523 187 473
173 618 493
826 589 391
879 974 177
786 301 890
339 441 281
791 815 176
486 26 459
597 260 809
738 298 915
331 568 369
466 631 815
621 626 154
199 934 963
461 601 492
897 849 854
504 580 892
568 118 497
858 515 966
94 547 598
951 851 109
850 922 371
810 478 592
816 332 690
430 395 675
590 162 446
402 607 862
461 518 159
692 728 426
661 196 605
606 483 598
992 812 817
708 424 530
296 640 601
453 421 176
290 600 547
78 827 903
882 998 777
148 294 173
209 842 699
464 554 93
361 262 518
414 112 321
303 941 807
635 921 364
731 136 869
864 839 379
519 169 352
396 528 284
480 403 335
868 847 452
344 482 395
857 817 89
410 623 212
576 78 532
64 123 69
183 181 174
165 745 866
106 469 387
251 113 297
546 800 320
493 387 266
549 871 704
981 813 332
517 752 930
758 13 745
226 673 491
567 279 433
819 982 246
536 934 479
820 446 972
607 475 769
444 442 5
768 462 420
41 481 517
853 410 444
454 592 288
816 32 847
462 217 623
734 132 630
358 416 686
905 403 880
980 44 968
533 567 169
685 736 484
842 282 662
244 430 370
812 818 929
121 235 120
550 827 849
542 67 476
715 682 265
696 674 999
631 550 137
260 157 233
552 549 70
849 578 481
24 234 220
355 911 956
618 451 167
184 667 608
398 412 12
41 511 510
885 504 891
861 898 38
335 266 387
349 264 384
312 895 622
726 649 428
606 822 308
242 289 442
211 59 271
880 370 792
93 125 62
396 524 601
324 408 163
546 696 540
305 757 678
154 304 418
546 645 125
780 903 923
625 228 493
565 698 351
750 582 334
743 376 847
163 315 426
745 67 739
507 101 424
164 914 808
775 493 954
888 871 59
114 449 340
768 616 345
583 297 315
863 358 752
647 294 696
82 61 102
76 416 447
568 165 488
427 204 625
98 730 710
660 662 418
275 74 233
709 178 767
508 220 672
64 108 62
157 374 533
416 377 266
180 221 188
401 795 543
4 742 745
258 166 415
921 871 59
840 806 148
971 988 36
459 601 361
221 323 334
759 943 737
919 729 541
10 364 365
243 142 374
641 667 556
765 937 998
945 985 695
628 573 363
614 619 228
243 872 681
756 40 719
419 481 126
319 888 786
145 97 74
787 696 809
395 476 443
221 465 495
147 173 42
967 537 430
931 39 965
497 409 774
289 154 179
371 385 142
401 673 767
197 834 901
475 228 402
101 903 903
704 590 365
364 706 765
291 118 346
749 214 868
494 950 669
365 573 785
779 944 482
117 209 328
495 580 465
812 864 303
828 803 341
287 272 34
388 523 586
504 813 431
212 201 142
542 30 515
368 609 950
276 707 824
639 722 931
67 68 91
328 407 293
842 651 706
145 10 147
782 590 425
761 838 890
565 923 752
526 794 597
432 922 939
175 390 341
897 34 916
256 802 918
786 830 540
564 441 695
829 771 77
281 995 927
341 556 882
64 526 588
846 866 65
247 31 230
51 619 584
514 339 358
940 849 679
991 979 21
487 788 550
830 226 960
423 267 405
48 84 103
513 867 598
533 743 589
827 798 197
183 378 396
81 218 194
935 481 475
866 949 921
664 597 584
809 881 404
502 478 579
727 942 649
844 585 679
260 463 271
921 984 113
329 566 596
220 77 194
387 251 261
480 111 385
735 828 658
850 242 608
472 948 532
984 579 458
743 848 644
874 969 412
628 882 768
33 536 517
805 838 131
663 279 888
449 297 560
942 413 663
185 186 51
226 182 52
99 478 380
798 785 97
344 868 857
60 42 104
617 317 682
583 648 300
359 801 718
442 437 14
620 194 453
608 111 554
557 56 538
865 857 27
482 460 41
953 30 965
632 133 723
238 222 427
413 366 323
620 58 608
613 401 725
402 211 312
520 328 215
